77906
80429
84079
82156
80438
82153
81575
81698
82766
82878
83162
83852
87038
82893
86184
87120
85695
83804
89221
89031
75427
78071
91343
79739
91824
96371
66781
80658
96427
96395
96453
82916
97228
97410
97246
88542
97690
97677
98269
98548
99927
96591
96394
99528
99520
100813
100413
101395
101467
102448
75097
102450
101994
88401
89446
92354
125247
97556
136068
180924
102455
71149
3515
3062
3049
3532
3034
3517
3527
3529
3031
3045
3530
3029
3521
3913
3040
3518
3032
3052
3036
2943
3066
3511
3046
3519
3026
3043
3047
3054
3526
3056
5646
3509
3531
3141
3512
5647
5859
6287
5861
5875
5121
5952
5944
5927
5925
5912
6229
5955
5960
6183
6437
6436
6530
11140
11361
6931
6927
7070
6921
11115
11648
11770
11760
11765
11772
11768
6928
7066
11498
12062
10837
7067
11497
11972
11502
11961
12741
11909
11133
12742
13531
13270
13956
13964
14004
13958
13965
14037
12255
10838
13912
21814
10832
11960
11032
15141
15383
11737
13069
14650
15410
15392
11494
15395
15400
15401
6920
15388
15022
15396
15393
15214
11113
11134
11139
11143
11145
11144
11114
16297
13540
16410
10834
11127
11126
11124
11120
16525
11146
11364
16770
12257
11128
14685
14720
11135
11142
17809
18636
17807
18360
18404
18417
18500
19037
18640
18606
18609
12405
12256
12260
11130
20698
20692
16436
17126
16790
17122
15182
12254
12258
18629
13951
19038
17913
18214
17352
18637
18628
18647
12771
13356
11122
12772
18630
18645
17910
19528
19537
12780
11496
12023
18652
18635
18649
12404
12253
18639
13952
14898
15139
15023
15255
15135
14897
14896
16967
20579
18648
18633
18650
18651
20133
19425
19424
19184
19185
15140
16731
16435
17626
16434
12261
16536
16907
17625
18451
20086
21909
14974
20633
14681
22160
21944
17112
20687
18437
18442
20129
22134
11123
26063
15253
15254
18216
18454
18445
18641
21696
23035
23029
22176
23024
22533
23040
22782
22781
22886
22890
18677
18452
21516
19876
20101
21346
17287
18434
16126
17106
21518
21519
18450
21343
19235
24473
24770
24406
24350
19237
17629
21642
22111
21344
19883
21345
19236
19882
4428
22887
18678
16791
17331
22762
25643
13953
26127
31988
23901
24374
24379
24372
14242
24274
26498
24300
24371
24373
24397
14686
24395
23799
16734
13286
26946
19688
22916
23225
22258
28911
29034
29059
29144
29159
28921
29161
26960
29220
17125
28293
24439
29255
29602
23997
13949
29263
25761
25463
11363
35206
33587
12259
29267
27297
26546
17323
19234
24396
30011
13955
29172
25464
24453
29812
26942
30233
29389
31484
11367
29779
25372
24789
31130
29219
32122
30124
32183
32225
24348
29797
29815
29818
29821
32227
24496
31486
29824
29839
29840
28273
25999
26727
28288
18435
25462
25080
29192
25992
29194
29137
18436
32223
32922
28795
30203
30539
30379
32923
29196
32972
33656
25996
30013
19437
28308
11116
28299
33571
31818
31886
18646
29384
31354
33603
18433
28280
16124
34888
29175
34689
30995
29713
30317
19875
28927
32411
35032
35044
35047
18278
18284
18283
29708
28291
25995
24448
28277
19627
28302
32889
29136
25460
34495
24625
33780
35979
33573
28271
21521
22708
36065
30316
36217
30123
32244
13954
33602
28276
29029
22384
36733
28289
36736
37003
35739
37403
18458
37422
32991
26943
29191
26945
35199
35202
29198
35210
35212
32181
25991
33127
34411
34341
38096
34598
35545
38889
37323
39595
38530
40123
37325
40119
40117
35211
37322
33829
40035
23226
25998
41236
40730
40669
40036
41087
39623
41013
44111
39624
41391
19690
41437
42190
41711
42359
42240
22888
41501
40817
42525
40121
34794
35896
33847
35831
42809
40863
41088
41111
25736
42815
40806
41547
41550
29265
41852
40818
42811
41551
41553
40375
43204
43170
36642
43708
42333
41093
37425
42288
42289
44064
35804
40867
40853
34774
44236
40109
41180
40812
42801
44678
45289
45357
42832
45365
43169
49208
45574
46312
40865
40855
28286
15296
21121
41979
39393
41569
47434
40864
40857
43318
44857
44231
40823
48373
46972
40376
43171
37896
48539
29195
48596
43733
24905
42310
42299
34908
34711
41646
48654
49491
49484
48052
47723
30647
23929
49596
49417
39915
43882
43885
48363
40382
43889
43989
43993
43999
44000
40662
29709
35271
40396
22347
48393
43647
48362
41418
48115
50785
41817
38694
50783
51689
41140
46973
40107
44003
23249
23856
28284
34221
39006
40597
41765
42304
43830
44047
44096
44105
31307
46669
46833
47392
48771
48241
48252
48267
54103
54022
54104
40043
46010
62332
51325
52719
52901
52949
52933
43801
33833
52944
14522
53959
53972
53958
53970
53957
57127
28307
56811
53814
58280
58735
55651
54364
48361
55876
55982
56804
43313
51933
54338
58539
55652
60111
23853
26651
41626
30358
32259
41895
41294
40240
54375
54373
54995
55650
59908
59910
53819
49803
40236
27955
25807
19479
31151
26224
31152
50030
21949
45801
47677
47706
48218
51542
51546
54603
54624
54632
57376
62664
52965
53029
53036
53035
56746
56885
56944
56987
57727
57724
58216
58226
58239
58396
58244
58506
58255
57064
59909
51705
57767
44321
48657
61640
62291
58219
64041
64128
44324
62850
61440
63071
58413
65757
65758
65759
65838
60088
64282
54328
66171
40105
36285
49562
54981
55639
54346
51478
61441
66407
66371
54282
62203
65076
51122
66372
61252
66789
66817
57126
67982
67126
54771
67672
68431
68426
58765
58905
58941
51957
63157
58548
62716
63212
48574
69179
41139
66667
68064
69109
64771
48116
69341
69412
66545
40861
74353
54353
69470
54112
54681
70511
65398
70531
70557
70556
70508
58943
70559
70738
43315
70558
69486
70620
70818
61766
62042
66711
58960
64996
65235
65240
70524
70859
71239
69234
50355
71330
69664
71385
71481
71579
71086
67373
52714
53945
71483
68053
65049
71072
66098
67609
67796
67829
70833
65350
67586
69652
71956
69963
62043
68303
71004
68702
70743
72447
56801
67100
64759
70046
64434
58804
72896
64770
68072
69913
65038
66119
73000
69313
62829
66046
54309
73144
68039
73394
72512
63840
73293
75011
72430
69684
66134
65855
68658
58734
68045
74179
52214
66251
72427
73779
58179
71219
59889
73831
73747
62486
68607
73829
70338
71601
64533
75036
69672
69240
66895
65074
62290
69912
70714
69934
71345
72798
54325
67565
69937
70733
69905
69330
68680
68146
56809
65022
65370
65282
74581
62705
71747
73320
64928
66170
63701
73057
73318
74917
74435
71344
54998
73824
65751
73853
76377
76376
76475
61246
76582
54950
28021
28672
76658
75601
56456
67826
69857
70840
73086
68027
74230
74644
72468
54619
60493
62346
68044
76712
70938
70966
70939
71018
75202
71051
76437
75371
71658
78431
75207
16383
71670
77190
76494
64260
51422
37370
73085
69929
65053
64222
79027
79025
76480
73794
75004
74517
80198
77132
78056
73574
71976
72820
74830
80098
70877
68237
71669
77140
76517
75778
78168
69936
69957
70999
71324
71329
74839
70057
73399
73809
75048
82899
78609
77689
82849
82646
80158
82867
81979
77416
84702
79330
81534
66130
83151
62288
71837
54070
83264
68348
70007
79514
70732
79226
77264
76515
76796
77825
70396
76686
76038
75285
80544
73568
72799
79785
79210
80545
79800
67310
68248
87379
82902
78619
81600
45525
87015
87014
69650
74518
78055
84818
82559
61698
87618
74023
83287
84681
77651
85053
85641
85640
85727
81354
86473
81465
86005
69641
74829
76514
87389
87414
87405
87382
87418
74223
87456
87006
61242
65607
88459
89109
29697
80973
69471
80466
40370
78292
65723
89098
75032
74785
88370
77120
90460
82987
87436
87404
87459
87435
12753
76795
89406
85973
89070
90809
89355
43332
90810
79890
20578
20740
87388
87401
87386
87438
67313
69655
87419
97781
56632
80505
78232
77107
87443
87399
75471
71915
59906
33087
75782
89107
90650
90616
91563
90567
31832
74485
70878
93657
93655
93727
71867
92330
87445
93707
91554
90765
77891
93897
94053
74507
81203
81337
91561
91071
87402
66967
83498
94833
94837
83807
80997
92315
75281
94136
69391
96253
88987
94496
91560
69233
97563
65734
77613
73738
70951
70949
81547
66494
47580
53189
67314
67753
71160
54620
47581
69166
82704
94025
84156
82672
94282
81561
87201
86796
82677
93905
81546
76680
94744
76701
87570
87194
75035
94275
98290
87196
87192
82669
90322
88085
80532
97634
97635
74580
92305
97510
99623
65712
44336
91781
71994
76326
79199
85392
87433
81338
94629
80583
97866
97766
94963
100256
71369
99610
96794
94479
82028
85652
93712
80766
87411
96922
97906
67059
87430
101429
95712
19623
73069
99231
97671
102397
99370
101234
65511
102588
74514
74849
101260
81190
97159
101518
81331
101359
42478
27509
102498
72008
98767
87427
103728
99299
98484
100282
99915
99056
99940
99062
100757
101663
101579
104123
101644
71901
102469
102543
94451
100185
102909
92192
101272
101045
104551
105493
100840
70512
70381
68682
87595
100862
102278
102304
102572
104303
102574
104423
104503
104449
104453
96469
104517
88741
106610
81578
90510
56104
79861
47583
105681
105600
100818
79135
105729
105933
90488
82917
107127
80886
108526
52769
73662
106521
70064
27956
100164
109084
106511
108529
101500
98172
101514
107722
107552
40104
107673
93942
67743
29988
67308
71176
79357
105858
102474
99713
106426
76309
71206
77641
91828
97504
111016
99435
72315
117071
109874
96027
109206
111640
110588
110525
104530
106981
107027
104531
110183
106938
111520
92463
108265
96778
109067
109685
104242
106423
74796
107110
107106
86245
111907
75324
113960
70894
75765
112345
90868
69964
76503
85814
97659
112601
105857
100333
101726
113106
110012
114139
68677
117324
115167
104753
113301
114207
113315
99753
116111
91003
85549
80657
84115
112482
106692
113345
114466
113304
115541
117662
114768
117166
114572
115056
67098
54989
68068
65600
72386
40097
80733
78237
84023
84691
116366
100653
82051
108699
107067
56630
18279
18281
118440
98513
107306
119446
63155
71362
47607
18282
43949
104110
115909
111523
82702
119405
120263
71179
117981
118830
107304
115156
121021
116575
119929
119967
120815
120725
119934
120182
106054
118585
120039
87757
99812
112577
106815
107285
121129
114564
113333
122044
98686
124580
73360
125112
90905
123614
111721
116205
70393
105193
125872
113305
111894
82423
125354
127922
119814
128081
126523
122961
121076
126030
128349
79202
128750
94222
129016
90172
124738
124762
99755
107275
27898
107290
107446
129856
107276
80046
80473
130387
101582
21936
131186
125688
130287
131607
98169
107816
87428
132458
111661
123652
133603
107273
132153
82821
106161
126034
134559
111307
106900
88646
125047
128672
127924
128663
123137
118514
99756
107711
130525
131452
86411
134579
130962
134771
136484
136456
125751
125890
130045
135126
120951
136024
67542
123299
120946
78931
54982
90165
129622
120566
139003
137253
138986
139046
139193
119960
109424
111178
120954
139409
139686
139779
132474
139014
64998
120947
133173
141242
114765
124961
141779
141762
131185
144846
142424
97682
94788
114153
133157
134001
144259
139233
139238
140852
141005
141720
141677
141016
145293
134461
141829
71582
132580
141777
140800
141839
140843
136038
65752
114141
72229
154490
149447
149551
152158
134912
143088
151805
153851
149527
156874
80302
153713
157301
106212
156010
141840
158516
145920
145910
159211
130961
130153
155472
153693
151332
143872
75342
151885
153717
164244
151577
138733
164418
153832
154584
158475
163704
166006
159682
158481
158480
78100
109398
80022
168115
149364
78537
130327
145632
172096
142262
112187
172913
148865
159636
169432
174098
97514
168084
142123
171076
171104
143094
174723
175605
175892
147277
170113
168756
169068
169065
143531
170150
170149
175589
177473
183559
178657
179093
171837
177654
127488
179092
172353
181766
181876
181525
179474
177981
177034
183406
134975
89384
179545
184472
159210
183461
180473
179087
12163
180480
91401
151879
180843
149366
181426
181428
181300
181488
186420
187700
183517
109670
178197
173476
180354
185469
183787
154113
173969
192127
171470
186770
183846
186036
193014
184184
193908
192180
186340
146707
191898
186347
175464
158950
106171
189938
196497
192148
191322
192188
193600
192207
154119
194892
195474
186600
200091
194303
184963
181839
101950
161218
195275
194894
194259
193618
197854
154123
196545
77821
196883
193674
186828
197860
194860
192278
185834
196485
194866
105880
194284
194816
193683
195884
201727
195409
197949
195781
201405
196574
170152
198123
181538
200930
197846
150549
199559
124799
153798
198397
151691
154819
156128
152571
155648
154615
140061
160228
135899
166562
106126
197216
197164
196655
199875
200357
132518
141610
197672
91699
198452
188477
201408
200004
201483
196217
202306
202420
106118
64140
106549
102775
77693
110714
181462
179551
134446
19671
64346
199674
67572
67568
67569
69938
68288
70091
72797
74214
70164
73583
23946
71305
94000
71597
74397
79165
76621
196999
19642
76636
72177
75042
76675
74438
78908
76733
73726
74959
78319
76193
76457
76634
74819
76611
76500
205883
54886
202764
132646
77694
79976
76637
78223
77859
83683
76676
77872
79021
78396
77902
73691
73690
77268
83549
81811
80008
78222
48704
78224
54880
74958
169320
93983
204502
79975
205890
45905
11551
11568
11572
38966
36914
36917
36907
38965
42872
37582
43921
38962
36936
36940
38969
206378
38967
38972
40655
43916
43924
40651
37580
42865
40649
42881
38961
40653
42863
5921
5974
5922
35208
42868
11565
40647
42874
40652
42862
70544
51477
46655
40657
42942
43923
46647
46649
24011
46962
44373
24411
197516
40658
207353
179118
43931
202763
178655
43919
38964
42866
54906
43936
44190
46643
42860
40648
46641
46662
43933
43928
202918
46665
40661
42870
207691
207305
41828
51791
42859
46659
43934
42867
36950
36943
36919
38968
38960
46646
42876
33577
96892
94491
125356
209889
141755
152538
202919
204439
7016
196150
186911
205097
196954
185018
6687
207273
207836
12403
97495
7026
6346
6585
3313
6590
7002
6685
203176
62526
59475
169322
199869
128742
72036
67571
74340
73300
78395
77156
199868
7003
6263
7004
6586
6697
6347
204712
165658
202881
174140
204261
201120
205466
204118
6688
19676
7029
14236
7030
7009
87847
96926
82948
6587
6582
19650
6589
6350
6691
13903
6696
11601
6349
7015
14516
19653
13885
19651
14215
6693
6988
19644
49118
202920
6581
14213
6583
6681
6676
6573
27964
19640
6574
6246
6794
6802
19641
6577
6987
7018
6342
6258
6579
6343
6699
6996
6997
6683
6998
6695
6260
11573
11574
28213
6694
6790
13886
7020
164497
127885
53968
3378
13981
185937
195475
173497
204847
31991
36937
27991
109945
109615
126463
126905
128743
132211
134591
140884
135378
139000
142537
148793
147282
151511
163605
160829
145727
210732
210534
139452
68042
19151
90962
211700
212190
98485
160233
212218
211600
204899
205617
186968
205379
207759
212461
206049
32756
131633
145729
199410
41548
62296
53952
199405
207300
203740
101799
118770
164479
203495
96199
64714
24918
36944
31867
31866
36908
64325
62317
11560
14228
19672
19865
19834
19848
19854
27969
28209
31870
31875
59052
59072
59058
59045
62283
62323
62310
62311
63665
67029
63028
64427
71280
110168
152588
166435
156912
182218
170679
170023
200991
127320
166757
184470
127441
168760
167278
178656
195270
176458
195471
186907
197499
184469
196699
195472
194141
186909
199162
195268
199159
192892
198968
183570
197689
153389
186908
184288
186428
186704
197688
197407
160952
173838
183380
170698
142782
169321
174040
179117
167819
171039
169828
169857
166292
173837
134261
169123
163467
171139
164337
169121
169124
169120
166161
160212
154905
127894
160194
160236
160229
160191
151606
151605
160235
160193
151844
144824
149031
148710
150628
150060
151644
165821
154988
154800
155650
153310
144822
145085
146760
160237
147734
147425
150618
163433
160751
148172
154210
149324
156068
143365
144823
149033
111073
146758
145726
147284
138581
124855
139836
132517
140177
146874
142406
145380
143364
135858
140178
152573
147285
146872
134260
150022
135109
146190
97540
134262
130779
132645
111550
132437
124514
131379
135399
134476
124856
139141
136550
127220
141111
138258
141442
138257
132014
126598
131914
121507
127820
126619
104575
85734
129733
128715
126903
121120
118077
127810
129751
126902
123922
127321
127896
128164
124835
125783
131915
119585
123921
115726
124592
130970
128741
123923
130381
126078
128080
120239
124603
126621
105919
115725
127895
113751
123378
126535
121973
95617
121122
126080
51507
59108
111637
105896
48735
126536
105907
115696
113731
104783
109773
113728
111180
111181
110851
109944
108157
106128
105908
108107
108544
111157
91894
107019
105410
110006
104816
105412
104784
102131
89092
91221
59127
101082
87104
98732
64446
37288
97215
91196
96784
91147
93320
94324
94348
92417
92219
96692
92079
97441
91125
89133
86487
37290
89132
37291
85649
88231
86379
80764
65270
63016
65524
62984
63947
63020
63014
63046
64338
108247
111549
110004
111452
106966
115722
106434
119437
108158
115720
111000
110999
106088
104901
90109
110105
108545
109960
99760
111096
112854
105337
108106
106548
108248
108156
108489
91256
97542
102209
109714
94159
102110
103240
101794
89254
101083
101867
96776
96951
88458
90110
97541
95583
94954
96841
91126
96188
81061
63021
92081
97456
94146
92439
97128
94064
91254
97479
91206
91202
94088
97455
96158
70650
91895
63922
96693
90123
84653
91333
87451
88619
80009
88241
87103
88242
89162
87105
85808
73700
84137
59130
63990
37300
37297
63030
65628
65649
63013
62555
64958
63948
63031
64018
63920
63027
65542
63403
64972
66382
62575
64736
63025
63026
63022
64902
63029
59133
63024
63012
67026
64323
64345
67033
62306
62326
62351
62284
62312
63663
59091
62320
62337
64348
64322
62336
59062
62331
62305
62316
62322
62319
59070
59061
59048
56192
62315
59089
62285
62309
62313
62327
54856
64347
62325
59086
62318
59044
59075
59050
59051
59049
62328
56164
59068
59053
59056
59065
59060
59067
59074
63660
54876
54863
54865
54890
56188
54910
54909
54889
49412
59090
54931
51492
48728
48712
48726
49413
54882
48711
49436
49433
49432
51493
49411
54884
48703
48716
46645
48701
48700
48708
51481
48699
48698
43917
38971
36891
36941
36912
37295
46648
36898
39052
36947
36913
36904
36922
36890
36942
31992
36902
32004
31997
31911
32010
36909
36837
32007
32003
40659
36946
36915
28328
31873
31993
36926
31990
36930
28322
31908
31912
31905
31871
31902
32013
37579
43925
31874
28223
31996
37263
31913
36986
31987
31869
31903
31924
46651
31876
31909
27976
31989
27967
32012
46657
28330
32006
28221
28324
36931
27963
28321
46656
28231
28219
31904
23934
28215
27980
28326
24911
28227
27977
27968
27981
28212
27984
23958
19829
19818
48706
28210
23940
23957
23947
28214
19842
28226
23932
23937
23944
19836
19862
31865
23951
23953
19847
23943
23936
23931
27975
19837
23956
19839
23930
27965
23948
19857
23941
28224
19863
23949
19840
19832
19819
19833
19864
24915
19823
19835
19828
19827
19858
19841
19830
19817
19860
19859
19856
19673
19667
19666
19665
14504
14512
19675
14500
19659
19661
22100
14515
14510
19660
19669
48696
11581
19657
19658
14497
19663
11591
19674
19670
19677
19678
14224
14225
11589
14230
11577
14220
11585
14237
14231
14234
14223
19645
11588
14235
11594
11570
11569
14227
11600
14238
11561
23962
11596
11583
11553
11598
19647
11580
11552
14216
11587
11578
11571
28220
11562
11590
11550
11586
14229
11555
6986
13899
11575
11576
11595
14222
11557
19643
6990
6797
6262
6588
204664
80434
105299
41305
72754
19814
25860
30151
79887
208464
75605
109767
150463
113552
22707
22546
25461
28292
28305
28298
30126
31574
28294
43086
46754
40856
40862
55981
53817
49444
54376
60914
58538
66117
75764
77262
76513
61240
78857
87387
87416
87434
87440
87377
40377
69928
61935
68069
66116
68683
69932
201804
111182
129101
40111
50784
27545
65021
103600
68070
206048
112863
205465
212660
197498
205378
163537
203332
207226
196801
41101
37865
45586
12162
110261
134644
41310
25082
107215
197687
179500
133322
146761
209533
54864
153289
151985
144934
160752
24487
34837
17450
27293
42689
50358
71656
62153
62416
49548
74501
74484
106053
118510
147603
198844
213046
213048
100483
134254
179677
24341
24299
35713
40271
40422
31660
30494
25213
30528
15170
23902
16004
17916
16109
16164
26816
27307
22694
24432
24336
24338
24344
22816
24284
24297
24283
29854
29819
30467
26346
31921
32832
31292
31309
39015
39194
31291
37818
30488
39675
42807
43186
43203
30463
43875
29801
24355
32357
23250
43966
24293
39685
32560
31349
31304
30530
48397
47819
47718
17918
44757
57686
43857
41856
42733
41642
41864
56776
49416
51787
56661
50637
39682
69379
67928
81850
68794
56795
70767
180643
51656
60323
30504
43848
176084
41392
41215
56485
65829
61540
43809
30476
22812
29974
43820
6656
14980
15636
19112
21876
21589
21796
24563
46851
50497
53011
54467
59406
57296
62999
70418
71109
71117
83560
83107
85442
88666
12713
91150
96552
94458
98706
100847
125212
118476
127962
135148
168604
183335
152508
183348
186752
192470
86170
150178
155202
169787
186673
82556
169797
197312
186551
195614
186623
211695
19053
18680
26166
40523
25374
25858
26211
26275
35496
36001
36368
48532
48895
48896
48983
50026
57788
59535
61431
62831
62972
67724
57784
71415
71413
69369
68166
60948
86782
90401
90609
91157
92220
94636
91051
95601
103207
103040
103753
103464
110796
110819
116341
117053
117075
117088
120030
120069
117101
123303
124193
118500
117107
101496
131197
135872
103398
136525
139952
138750
149558
151213
132984
130044
129624
149564
138755
150199
174543
103409
175549
175554
175563
168645
168652
169785
175562
176060
176024
176027
176639
157791
164220
178877
163563
197309
171157
197297
149568
193209
110960
183333
82353
93994
103183
103410
106812
118176
155251
180427
181871
184918
197303
198994
34866
35177
35615
40559
64565
56521
71434
87828
86488
125911
130862
103412
150221
175548
202379
72459
72450
68120
199675
184178
153848
160190
99073
103145
164554
199161
98066
199160
178380
97370
196149
66466
66965
66997
76237
76633
76620
77522
76635
80884
79460
78930
80552
181453
38970
202880
56191
40660
40654
46664
48727
80289
40656
46661
44185
46644
43918
14233
28327
177680
7006
6348
13902
7011
7031
7032
6994
14219
7021
97223
108422
151693
23954
28222
27973
27978
31998
39055
37585
56189
62307
64350
64208
196654
169319
142538
177440
118024
160213
135637
160210
150124
153797
157109
162509
148792
141493
145526
151692
149035
120562
137540
133471
135547
64196
64207
64206
136894
133473
127389
133472
132013
128165
120649
122176
112583
104782
106441
112745
109658
109068
111354
88768
102376
68749
96385
91240
88232
84935
24909
37296
75621
25037
63019
63148
64270
64655
64197
64195
67353
63010
64349
63667
59057
54878
59055
95678
91959
63624
115695
111356
106129
106140
111355
49415
56190
54881
48710
48705
48695
37292
36905
36924
51484
32002
27971
37264
32014
28216
36925
32000
27986
28229
31863
27974
19831
38963
23950
23942
37256
19866
19822
19838
19682
19679
14891
19685
14498
11584
13992
14217
11564
11563
13980
3315
78233
39021
44186
6604
16737
16828
19002
19283
63641
22405
22439
22447
22298
22276
21670
21492
25647
25738
25653
38024
34734
34675
22342
35748
35830
35940
35973
35981
36039
37193
37197
37613
37727
37989
38047
41105
41307
41405
42241
42244
44311
44390
44543
44781
45345
45358
45395
46351
46364
56091
59575
56129
54465
59905
57295
61520
61533
61810
62408
61507
67752
45840
68127
56082
77090
68131
79369
81537
58775
82542
85432
80261
82549
90341
80262
90374
92034
93125
93066
96264
96898
97150
85381
71955
101137
101907
102228
102725
102969
77593
109237
109423
109231
103443
103475
112486
114828
110057
110300
117086
119330
117132
117139
120572
121605
122703
122467
39637
124113
126219
122151
117128
127164
117110
117622
60377
126797
121072
64845
130541
126492
134892
135352
135343
135344
128674
135375
130539
135584
139628
132967
122947
119047
131715
130036
117125
131725
117095
103455
140605
149560
149541
130567
149575
148856
148660
155189
130032
155185
164757
149563
150217
140612
155229
155190
180819
155155
155121
164758
127148
160068
197026
196721
184435
197283
164740
186669
155196
198154
196984
22523
171897
125888
212420
212549
183541
127966
140547
21872
35007
35923
36201
33018
45390
46473
57204
62786
63000
67257
56111
104293
103429
130540
129620
135585
130090
155201
174538
149546
125857
71431
82545
112392
134493
57201
103433
103450
104820
148559
138736
155174
159568
163068
155192
161208
164738
184479
164717
155127
125145
71451
84704
90373
103203
210290
204575
26635
171906
170578
168670
37494
50566
180884
70499
35028
99393
63018
113463
37255
143111
31217
181875
87062
110005
59128
36948
16727
29920
28024
27296
39638
41435
42281
30280
42318
19686
52523
48418
55974
119007
119309
98702
123814
111800
120747
120825
124427
138762
125188
139804
194839
189419
189408
194836
163150
106166
130493
128666
107289
107293
112230
92321
84685
34302
54329
54284
54941
32662
30555
160370
169444
85715
77525
74225
85717
86153
91222
97235
96166
161217
201042
173733
134459
210459
208006
36306
35445
36303
37299
64987
52715
50177
54266
54794
61347
54942
68186
80268
69238
74238
75333
74782
82123
85705
74914
96149
98334
96294
96306
106533
126732
134463
134645
135319
122537
164348
141670
146106
141671
146114
78331
147765
163538
191262
106189
150365
185355
200696
191240
194844
202066
202351
200952
205907
181767
144937
170125
202739
36585
204917
209663
210788
105870
77744
36337
59932
162508
24914
16406
50061
75602
74500
112223
112228
118534
115763
126460
126057
112239
115748
170124
168660
191318
196845
202419
15967
16586
16607
24658
33657
40044
48201
46476
54030
60641
53264
48327
54021
67005
67141
69254
66550
68092
67933
74504
76343
74226
80266
80468
96150
111982
99169
115755
107626
132240
98333
98335
116641
99017
141649
173966
147366
174159
134464
173865
170127
195216
194706
194703
192176
165146
194842
200954
173764
194847
42298
34790
39386
40625
36302
39384
201271
80485
78594
33654
41764
40626
149214
210455
33778
41762
40596
43333
50094
47870
50356
66556
42316
66176
78728
75976
110033
86149
90473
91830
92366
127359
131299
99100
114012
106523
124680
105959
128477
186771
161221
106164
139797
39012
166501
35954
197845
48736
215488
34685
90472
34731
130364
215581
202293
135342
48256
199561
24312
67060
99549
99397
99476
115295
209727
127242
130958
24593
24583
49258
24196
24183
24182
24598
24588
24590
24188
24204
24576
24198
24186
24579
24187
24580
28774
28772
28776
28775
28190
28189
24195
24194
33945
26595
33991
28742
34750
34688
24192
36724
35533
35521
35776
43202
36084
35519
37013
36028
43205
43295
43301
30940
27737
41805
43291
24200
49253
49247
43239
46724
49251
43234
49250
55952
35638
49257
46749
55934
55949
55937
24888
56990
63659
55940
35525
63055
62036
63034
64986
55954
63056
63036
63057
35572
66311
63054
67245
66908
61902
61907
61893
68216
67936
67481
66606
35523
63047
70043
76217
67946
35779
35522
35520
75758
76436
75829
69206
49230
74648
70493
67457
80077
35518
80076
81909
63040
80067
77038
77562
91722
84670
55957
91077
91377
91171
82087
92485
24191
26596
24587
77261
94255
84484
98360
98526
98312
98704
99110
98823
99202
99325
98701
96220
91036
79857
67480
93595
108205
108204
108206
108220
77737
109190
108225
111728
113061
113688
113710
107039
115073
114978
117067
120200
118136
36444
103543
108209
125406
125410
125407
125760
114784
125414
134097
134140
134166
134123
134129
130738
134135
134124
106043
140751
135032
141958
148054
146067
141785
91742
146066
96129
134132
143660
154676
163268
163674
140750
163249
163250
169898
168201
164615
163485
163867
164229
168203
170090
169331
168515
177619
177621
172820
177618
164373
165546
188705
189877
184776
194800
194810
134138
177661
178228
170139
179532
181278
194940
186711
191379
181464
198359
190924
194796
202940
183046
202930
202938
202939
24586
55960
195442
197615
97979
170138
196576
207252
46723
61905
49220
64079
68926
29862
92022
83508
125761
140272
134167
194807
168237
168221
108481
110624
208893
134170
28192
35777
76420
67246
117534
152091
194797
192977
92052
70133
104665
103106
215797
120175
125196
120187
120194
34767
34768
33725
33724
36338
33723
39242
39577
33704
41881
40027
42455
40896
44066
49107
33726
49319
39246
39245
40331
40332
40414
53903
53045
40194
67299
183238
182665
11885
178709
22116
216039
105248
43176
26189
26001
214834
90979
184810
156763
125855
82357
91320
129541
143046
146109
147260
165145
165921
37589
32574
32355
40586
105380
163663
19826
216504
34192
22211
22212
28800
45392
46589
65933
67129
66228
71108
84672
83806
104185
104808
104810
131189
133941
133696
131726
125887
135610
155197
149542
186020
182127
182169
175242
118425
212809
14721
25674
54627
61767
71008
195589
203114
41409
31346
56371
58098
67157
66174
119368
166090
55931
146076
212862
11147
15142
18439
13701
22764
21641
25465
23229
29711
52604
57107
68052
72382
60915
28306
204915
216373
147611
196850
208857
102638
49613
216332
205657
25035
198588
44195
25323
29330
29324
29291
29320
29307
29334
34126
34348
39457
37231
29290
29298
29321
29325
32175
39051
39459
39614
40984
33261
43964
48293
53154
47585
54077
43653
51450
48304
48013
48012
54791
44459
46956
58796
57642
63191
53149
61774
54790
65147
65176
64586
65172
65165
65136
65177
65162
69327
77972
73058
80276
68507
40905
78435
82369
82493
80714
82374
82427
82389
87461
93898
96190
100530
96805
98432
99432
90975
99433
99283
96931
98167
100533
94620
99406
98187
112444
114341
103772
104929
112021
124884
113719
110623
120642
118931
132371
116392
113248
118268
134144
124546
121421
125784
131083
134897
134258
123155
120241
126546
131080
128361
135890
127086
126357
134145
138388
65152
130242
138833
136820
54780
38538
47427
51452
59371
69180
78204
72116
75425
93444
87641
99136
213588
113275
28353
34575
38095
34576
50022
49841
50359
64418
67154
68106
64462
80872
75449
50073
105910
105911
167973
146687
149696
174178
174733
106368
191324
67924
105932
149713
29187
29167
37267
39392
40360
51076
51228
57650
70217
85714
96153
131113
135304
163863
176944
207392
124999
185417
204315
213094
213742
213188
40698
202882
74409
105856
125767
94585
67713
69236
194219
109964
33593
33574
33581
36122
36116
36117
36123
33582
41880
41876
42820
39576
39585
42576
42669
44280
43489
46936
47088
46976
47350
49410
49465
49866
49586
50969
52294
42351
33570
40030
42722
40094
43839
49588
86753
33590
33595
34777
34776
34365
33598
36188
36531
36189
38062
38061
41761
33888
40031
40090
44060
40520
41074
38910
37600
39335
40095
40516
41431
41427
41428
42275
41878
41720
41721
41622
42273
42105
41432
43996
44230
44219
45331
45428
44344
46108
36120
47841
48777
50648
48525
62195
36695
164319
105480
32847
13538
15136
56319
208756
200739
94408
202933
163575
204105
206220
207002
24835
28059
28777
29499
30130
33002
34064
34424
33762
35991
33788
36798
35586
33530
31048
32253
36080
36803
36804
36343
210677
36458
40165
37635
33643
36999
45434
45402
45906
47941
46673
49521
50246
48904
53851
50665
53852
52022
54083
51188
45997
211043
44192
72497
37298
80551
24900
13896
13994
36646
151934
39669
40584
40893
42274
41879
43331
43400
38010
42456
41136
35102
36121
204435
207290
40517
40898
41014
45420
36192
36124
12009
12278
21581
12064
22383
15381
16196
11942
12080
35010
35939
22184
36069
35834
36228
35790
22214
26012
21671
22159
46522
26608
25587
26183
36286
26713
33621
31117
34683
34901
35473
34288
34437
36058
36234
36614
35968
36113
40988
38746
42090
39007
36543
36114
43865
45432
46340
50047
47989
47405
48249
50043
49734
52934
44427
58265
61097
61351
57227
57177
66432
64576
64916
66212
65753
66701
66206
65921
66275
65929
54425
67798
71355
70788
68151
48901
70416
66202
69983
71417
75451
66477
68134
77819
77847
66473
84825
80225
80800
80259
84509
84768
82557
85761
82546
82547
86176
80251
25095
92098
96271
98211
98421
100184
99914
102744
102680
104107
104217
104239
57348
107571
110030
111602
112034
106586
112027
111628
112035
117924
107555
125216
125895
125858
126794
127934
112647
126228
126491
130566
126216
126229
135369
148673
149554
149415
127137
158849
155188
158850
168632
165138
174519
169203
169199
168669
175561
174540
174542
175550
169204
161228
164743
169200
131717
175533
175532
128308
175545
187070
184361
188002
158851
188889
191998
138751
191914
188598
183940
188975
195616
186683
195612
198998
195620
197287
196053
186678
199716
186018
200858
186652
189347
197293
189757
188442
197308
182478
197311
201511
201527
202397
164718
157810
138749
201841
131188
135367
148848
185739
188441
196045
168650
63711
56546
189318
191883
60965
205391
149562
216117
216107
82544
158860
216523
216509
98337
25542
24697
18847
40010
40032
41436
42323
22351
69197
74848
89055
84239
94557
92148
91706
173418
207397
205804
54742
57351
137089
169768
155199
51983
56552
57225
66203
68132
71114
75703
79196
85219
87091
117922
57281
149561
148838
129621
155191
180838
182171
182125
214641
57313
200615
199198
62749
72231
181452
37028
24286
90969
24438
50387
75454
77706
97963
70651
50235
71428
155193
110299
21849
64047
80106
80672
80256
65917
84920
86414
86784
92027
96248
101825
103631
107416
107599
110432
117106
117911
112256
130543
128658
174402
175556
77480
122417
106877
69981
86174
150782
90875
28301
11125
54599
30652
67309
68247
41293
71164
87785
87384
196550
12474
14981
14884
22494
22562
22561
22535
22975
21478
21444
31116
34189
21871
34421
35219
35494
35513
35839
35984
36136
36423
36980
37559
37618
37637
37810
40615
41411
38442
35961
45334
45518
45536
46388
46458
46490
46594
46996
48891
48890
50473
53158
59431
56064
59858
58760
60614
46844
57252
62353
62805
56137
57352
57370
57292
64610
56530
65918
63857
56107
57355
66211
70764
65928
66200
49279
68827
78998
80188
67202
80229
80633
80736
71427
71414
84536
84961
86785
87815
90399
93808
82550
87673
87681
57361
99934
93366
102737
103625
103050
102982
99616
101835
101906
110646
110668
110687
110088
110089
104667
115283
102211
101064
116674
110435
117648
94580
117058
117162
102910
125211
125192
127554
127491
118198
117055
117081
128046
128047
128289
135350
130563
135231
136964
54433
138274
138309
116386
116054
139960
128301
140634
115102
117054
149581
138734
149421
135349
150562
128290
150190
151209
149580
140685
140621
149576
150591
141822
150174
150222
138753
150171
150195
128303
85654
129018
150205
150563
175536
176039
176019
65444
174537
176038
157790
165379
175555
174539
165938
150194
149605
181890
165399
196052
186022
196050
186660
197285
191997
186647
197304
170019
197288
197292
204823
14520
48976
71089
149607
213997
183509
215516
197278
110637
214830
216525
186552
203203
5499
10819
15449
16082
16600
21567
21491
25472
26068
50546
26722
33490
22564
34323
34405
35038
21318
36674
35568
15925
36018
36033
36173
36220
36327
37215
38088
40622
41502
44246
45292
45435
46087
46738
48722
48783
48830
49657
50029
51930
52640
49323
47771
56141
57432
62263
62302
62703
62740
62860
62923
66000
66145
66209
71438
69370
71412
71091
75406
77836
80247
86175
77832
80674
80246
83242
81493
86171
80010
90273
93545
86788
95622
97161
66226
197296
195619
198993
198997
134989
150197
212707
103427
102082
89508
101431
91638
101910
103456
104312
104109
103452
104356
57277
109297
117554
118169
117127
117092
122116
107810
103453
111303
125856
117161
127969
71411
129719
133130
132349
136040
136443
126808
103451
132353
132364
149594
155164
155158
149635
155184
176062
149539
170041
182540
178317
180841
180882
184917
157812
158855
165068
186554
187545
25606
33642
33714
57389
60145
82538
102313
125632
198734
191006
155211
170577
69368
211370
212130
211694
212096
213141
178319
136201
213557
213920
214140
214123
214522
214523
215047
215513
214144
71421
149573
180877
180842
196760
213978
163071
192559
216527
56119
66215
66765
215781
184743
204262
26996
37465
44298
43938
12172
12348
12536
12539
12540
82414
87936
88152
93197
88173
87219
86309
109431
90216
85490
73432
101944
106599
99387
103866
93885
104498
103732
113509
113465
110941
105518
116306
114140
119496
126418
114257
121334
124218
124245
133417
110938
127807
126060
134826
135395
139454
134417
140798
140708
140941
149379
150067
145237
159597
154519
164541
169661
172888
161628
169900
176476
169917
180761
183029
187620
146315
124243
179669
182697
187624
194748
194508
68451
195821
202224
197596
201548
199450
200562
207772
194220
203033
192926
150939
85520
196826
200429
203044
211177
133901
12714
212542
181202
186978
187179
82165
212226
206387
200585
205358
133664
181527
182985
197958
12718
104540
85500
211000
104291
41395
76153
76460
80940
80776
12303
12304
12537
12720
20568
20572
61289
90090
70361
92179
88495
98080
97231
99861
85502
108146
81530
94002
111929
111484
113919
70358
115621
114914
116874
105777
124308
124598
124939
132342
130188
92180
129965
149856
150156
149871
150163
149889
149852
149854
150160
169626
169220
170565
169632
174897
173681
179674
179676
180632
156354
176487
182026
184657
12715
179997
160222
185316
193641
189057
187598
191237
187606
193642
197920
200363
201688
199605
202888
202951
202640
201047
194746
130845
183127
209958
80784
149893
211905
194747
199492
70349
204100
154087
210426
149869
202729
149890
201667
12747
106741
178344
214354
214314
84578
87048
98383
78074
82148
82327
82151
82150
82348
85790
80934
85789
86820
98386
98551
99926
80634
82606
87922
94164
94655
98552
74279
78104
84832
92346
102359
101508
137082
87857
78094
93937
93039
98922
139374
82722
85054
85680
100571
101822
77934
83167
80433
80452
94922
106761
82770
85062
89268
102352
92348
111548
216109
213164
196640
80456
83696
85719
93951
94464
98550
99511
101466
98824
106448
93098
86089
84817
45570
207980
78584
65699
60495
93651
97468
140054
129935
24486
38091
41576
198241
19621
83881
41091
110246
100484
34851
154067
182700
214138
96189
213459
88411
216335
95688
99415
102399
102429
103666
103821
106612
106813
110645
111191
113951
113950
117864
118414
118422
118421
117858
126012
130152
129435
126029
102556
133175
133875
133176
154585
154751
154893
158960
159556
160356
163703
173373
178997
117865
179537
179704
181047
183056
183241
183633
182425
186227
185471
186253
189138
197056
154096
194928
194632
195808
135940
111639
114771
214319
130111
40728
213763
35524
194834
106862
125072
197064
148794
14890
125893
145821
40195
87030
91225
98554
124893
212518
217688
169664
213758
205503
210673
219120
180891
101222
203486
209952
203487
204682
122931
73475
27288
137505
126503
150384
76434
81971
13481
149827
177179
220074
220389
41010
33003
33230
30338
25093
25086
28022
28048
27901
28040
27596
25099
34492
32092
35712
40139
30417
36860
38302
41442
45404
45403
39875
48088
48807
50135
52021
40388
216524
37265
202766
216558
217216
216551
211189
197291
186019
203131
209660
73373
16575
23875
26833
91283
189548
155678
203611
190805
170584
154110
208445
189549
203284
189618
200242
218526
218524
220042
11582
87025
199041
216254
115397
115428
3035
74478
159060
57366
178858
184467
18593
14486
34884
18240
25798
26273
26027
33993
34344
34346
34880
35841
36669
36700
41414
42335
46858
53165
56109
49649
54412
57289
60157
61516
56133
60374
57412
62357
57256
62646
60613
66472
66213
64836
77104
77811
79947
77839
77842
80233
85383
86195
86766
90398
102685
66016
103738
103754
58561
104347
103404
107572
109468
103737
117123
125884
126488
131195
126217
136705
86480
132980
132991
149610
149603
84973
169790
158868
149630
132969
180858
155215
149613
184497
197284
187593
182124
185987
187544
150203
165918
186681
211098
52049
112648
124373
21481
56112
56088
80004
86799
104076
103388
184434
183527
211956
216354
216543
204666
212039
24203
217501
205296
214800
210358
29289
50488
93395
221282
209449
117556
125624
168635
18188
22519
21570
21459
25532
21095
26280
34233
34045
35093
35209
33858
21697
36418
36435
37433
37435
37814
37948
37965
38068
40573
41358
42008
42035
42091
42098
35795
42377
41635
43215
42423
44162
44297
44316
44352
45449
46061
44770
46150
46428
46591
33776
47726
39300
47787
48767
48768
48847
36835
46952
51149
56103
56098
54424
57336
61575
59859
61729
56113
60355
64076
57207
65081
57276
65491
65526
66479
67127
57226
66471
62170
70060
69985
68849
68140
67686
71447
70484
66775
66615
57243
66621
56114
77105
79997
80141
80234
63999
80253
82526
83771
83108
85435
85661
85762
68152
89192
88697
91064
91696
93744
102308
102420
102663
102966
96250
103580
104072
105080
109614
108886
103378
114491
107209
83109
115452
103421
117102
117551
99919
118199
110613
117909
117113
111219
118200
120403
120704
117553
110140
110816
125185
125586
125906
56115
57381
56130
124058
126218
126500
85396
66475
132988
103386
130033
155112
150570
149423
118489
155150
84969
157796
149572
155224
155219
149555
165067
165141
140620
179683
80236
155223
165897
157793
158856
158854
175547
177180
157795
102460
180815
157172
157171
179665
172596
171937
181889
175534
168634
197551
198145
186664
171905
163108
190021
205201
168654
197771
189560
195739
186677
184431
197542
36829
47928
51146
57211
93232
103511
106153
112032
121229
118219
117557
117163
131221
134101
128694
117084
72633
155152
155225
184759
128690
188589
205405
140308
214685
22346
49840
215659
188897
127967
157814
165140
89201
165139
179698
19005
64044
18702
18753
22282
22445
25904
35134
35182
36137
36289
37505
38894
40317
43212
44242
45351
56548
61235
57234
66431
68138
58798
69982
55200
57263
77837
82555
84815
87829
88773
84250
105310
110844
57257
117894
117104
90070
126994
126501
117103
129412
155148
117121
155151
138754
171914
179667
88667
89205
179682
170039
197021
86169
157811
197015
179685
18735
197536
117921
180814
177217
176657
34328
77818
77841
216404
216278
163564
214934
186715
211090
205867
34588
48988
50178
62607
62853
62839
74715
107649
107650
204920
210457
204921
15025
40378
67099
75761
16289
61405
68051
210537
212406
143058
163088
150230
155253
169765
181888
197770
197017
171025
145935
148910
145937
148531
149939
144817
157548
167201
134418
148356
147004
151373
156196
157434
155468
163607
151572
147002
141690
143432
146559
142400
147157
147015
143435
141314
143903
139508
147158
153976
163274
163566
147006
154496
163705
125318
148089
145044
151192
216383
216554
212696
21941
21192
18901
21967
25979
34548
34671
42154
38443
45416
44769
46097
46482
46516
38597
48903
47028
47810
48870
52842
56128
58779
60762
61981
62354
57233
62973
61938
61797
64594
63571
62342
64517
65425
66060
64834
66674
65931
74320
68135
80085
80230
80541
80226
81557
80254
84690
12717
90981
96311
93067
97890
102682
85426
105421
96005
112590
110283
117898
117886
125162
94449
125892
12503
127136
131399
125901
137114
138853
149569
164797
127152
169017
169662
126809
159570
156368
169647
190197
158864
130635
186334
184919
185311
185312
184044
186598
196717
191866
196712
183515
184432
198806
199833
198650
199817
199821
187797
198863
201513
197774
202402
201529
199827
200885
203644
138741
203248
40245
205496
46600
205160
131190
213799
188086
214661
199412
198150
202063
162442
211686
210749
216070
45327
213250
215499
68473
75729
213859
214345
216564
214546
216932
219049
110289
113446
219115
42834
13503
128699
130848
220337
212133
155205
87429
104306
121638
113752
106436
52047
82090
186838
94450
111714
100851
207338
97943
100148
118479
31868
78402
103860
81101
24864
213793
62482
71116
68147
12302
100732
115427
110940
127806
57249
129741
136442
127757
189458
190810
140711
92131
57357
85494
120817
124578
133379
181854
207591
79453
20575
90378
153913
218359
219233
21596
11809
46149
50310
51027
52802
57780
58683
60383
57270
62361
57250
65421
66772
78809
79906
79028
80283
84810
79109
84782
85813
84083
12535
12538
20564
20565
20569
76571
85433
103341
104171
86187
98482
97770
108943
98544
88345
107812
107889
108214
108440
117137
93189
93131
102933
103128
110915
111060
120769
127569
121999
102430
134492
125677
106602
125425
125213
134661
86058
152364
150235
168226
177087
184483
12143
12141
184098
183667
186281
12170
195758
169218
140558
185833
80083
185867
210589
115077
76593
156375
210591
210853
194507
107387
111049
216344
14637
216460
212150
35700
215792
213775
210069
192560
218595
17324
18464
18509
20581
21367
19152
24225
26007
26828
27532
28904
28920
29206
28017
29585
30137
32224
58639
58622
62597
65629
68359
68358
70515
73317
72058
74947
76375
80412
82139
73720
82994
82105
84241
84689
84792
85093
87041
87198
80414
93652
76497
93587
99935
99936
102449
68337
113949
86126
108593
117978
118029
118455
117851
102636
126013
99963
138976
135139
131214
135124
142122
135019
143554
156069
156089
173518
148470
180921
175018
182496
176490
184114
187932
177119
191554
173210
194686
184943
201089
26832
159646
209967
173174
188283
23763
20136
29148
70517
133181
40118
210112
213436
212476
203607
12661
13359
12776
12664
12652
12777
12663
12523
12696
13035
12843
12675
12565
13019
35746
181170
84244
5943
12649
13570
13003
13552
13582
12786
13575
12790
12517
13088
35078
35089
35081
35069
35792
12459
13556
12787
13580
12782
13579
13002
216343
102020
12811
12813
12834
13164
13074
12818
33673
177300
220086
222013
216112
138735
169205
197022
216310
101976
33513
128287
197018
216436
20571
219979
106588
195005
210592
55260
186684
161270
205802
213147
188499
216361
216264
217247
214373
23026
36305
198980
185434
40125
133491
12350
98475
107533
216284
104639
157001
28036
27304
41874
54964
216483
206155
176121
216480
216345
216358
129399
82966
64343
203854
189774
24595
35515
36445
35534
55929
61888
43294
49252
67947
71360
76427
79154
97222
103289
106925
118261
159736
166170
35526
63051
77163
140749
134169
24582
55956
35532
92174
220377
117140
82548
219284
141826
112618
107543
165898
84680
187715
110094
77835
94710
101516
120311
141603
215894
173709
223543
93521
70786
216369
216515
219221
213682
216530
172813
217029
216475
214831
212018
219324
218883
210339
218507
80708
175606
70910
30792
82400
216347
216288
204523
220354
218596
220068
35913
216520
216450
166150
224164
216320
216321
216553
225581
216351
220137
225641
220140
120238
204723
164303
99620
140632
71069
220997
198158
19664
149631
179663
197014
209112
197305
202398
128464
146618
166195
167869
170048
171329
170398
182310
179328
187971
179346
171711
184390
160683
172347
175297
169618
179742
173637
198341
173978
21960
14710
16088
21924
21794
21680
36348
48743
57390
61561
56120
57294
64313
74202
66469
64549
60375
71111
81586
82532
93060
82551
85659
86486
86781
86758
101826
101840
102916
103039
105020
103423
103442
111695
111625
110839
134988
127959
135612
131198
137115
139012
132362
141943
111604
149591
155160
140008
175421
175560
164742
174012
174064
139760
158857
168656
179668
171910
196714
197020
183540
197019
179662
155221
199414
203119
127566
125910
22192
22168
21572
34228
49009
96467
97873
138548
135583
149596
62014
117089
218606
216428
216308
216492
216252
215582
216413
216477
34490
62997
64852
64548
80264
82845
82579
94497
101828
57303
121571
90140
198673
50661
15435
25767
179142
197543
165377
21918
155203
128657
43198
61899
216547
212665
211647
224671
202852
199983
207742
190774
189638
212216
212979
210966
200032
200231
201741
190804
123989
104343
57345
103424
127150
125882
134021
111039
218527
210956
221153
218528
218531
117159
176037
205780
209430
24295
50734
217582
216378
20741
217616
207337
165917
24193
41334
155169
76998
45437
91493
135305
222198
210456
194848
220069
128877
223531
216418
223496
205898
6257
19853
36903
3379
6256
14505
6686
59064
51480
48707
19825
6345
36191
24184
115224
196643
216017
25046
28188
221839
170115
227497
216486
208739
64166
115762
223015
110936
117265
127811
124333
125771
122394
135918
124244
139635
165716
201088
188393
206391
203271
218343
220995
211751
131173
135875
14750
19024
19108
30103
98721
86053
86137
209088
196639
210785
163377
198353
194793
212572
210781
216304
208837
194778
220541
110348
216489
99609
102839
216467
83177
221566
110362
12344
139956
214812
22427
22451
26501
26732
34894
38649
50544
44282
44340
44664
47761
45417
46094
61459
47743
47790
51030
80810
54419
58588
59081
71107
59405
77403
76934
78187
77843
80227
80235
81509
82468
81593
80217
83885
82475
93668
93803
86911
82764
91494
89380
96249
81192
82144
96507
97716
93917
101831
97663
97654
104792
83831
83567
99422
106608
109632
103397
113011
112257
116330
116645
121707
116829
76544
108361
112541
113013
118182
106459
111194
103461
125908
132436
126231
133077
128957
125902
103086
132375
138593
128656
138756
141680
141731
132982
158622
159854
136108
150193
150177
149601
132981
169757
132971
170889
155252
172039
172346
80237
177984
76541
175559
180496
155249
180950
165398
181307
178298
149595
180810
180857
202487
195872
168651
196724
198143
84540
198142
198162
150218
196102
196774
198735
81542
132989
135874
195986
195989
116378
215452
169792
177178
198155
183507
205021
13805
77607
103752
119329
178300
209450
117096
216365
82522
212301
70787
68137
44789
210993
212652
214688
82140
180889
203557
129442
186653
81193
96849
216435
218237
205343
216356
216446
221407
216274
220297
48750
201533
219223
216339
216279
126597
35499
48849
51003
61174
62859
46603
80926
98978
105601
117083
130519
135440
57377
149544
92026
103665
213611
215335
215450
157808
165378
196716
197540
181229
216414
210337
227511
220132
220141
35619
91070
147211
216364
219219
134218
62574
227862
216395
228482
128939
216399
111727
219797
190838
227945
222792
157905
172521
108281
213730
221412
196134
217661
36900
220138
221395
227879
218923
213426
218921
218246
219869
216453
219076
219118
219142
218890
228850
223525
222168
223223
222169
218321
208747
223314
187627
220356
80051
94851
160109
155548
140902
76110
76080
78231
76152
76140
78177
77087
89389
91461
90759
90068
94561
94352
94350
97352
96857
105511
107034
107031
108981
106503
109325
109695
111609
114796
113786
123946
126265
126144
128949
128017
130780
138621
139766
139567
138623
138604
148474
156229
155237
154727
155428
154283
156208
161928
164524
163611
167846
173080
180373
176407
181239
93115
138600
97744
98090
98204
97353
106673
118394
125866
126120
123319
128324
139322
148460
151420
154233
154862
159863
139958
179777
142017
143910
160694
109914
90686
79939
76569
96629
94849
94542
103747
105595
109722
109923
96651
142659
76149
97842
109723
127794
136450
139685
159549
157290
125073
180498
165457
159762
77652
78143
88018
88428
79470
95624
93105
79518
124237
122443
94959
128953
123683
107091
110792
122287
126082
139767
139321
157891
164260
127468
142133
158248
164420
168463
172418
91557
80470
89054
95998
98648
138689
125647
129595
110197
76068
76067
76965
80655
80421
80786
81238
80857
91149
90317
91301
93528
90430
94595
96875
97665
98230
106921
109716
109000
109416
109124
119781
112112
124591
126853
125816
123665
126845
136262
133209
130062
130614
136834
138601
137482
137239
138598
138618
140846
139869
140431
141098
139537
141369
141995
141723
140415
152394
156330
157460
181690
177303
178626
179325
148832
129969
155282
92473
90580
117663
136821
140710
93220
157829
127974
89379
110126
126324
99306
101309
107020
110173
137061
197063
105659
117091
89170
218889
221680
220131
225845
177567
14682
213399
157809
229124
104201
65051
10836
210731
221113
204119
21782
223542
221117
223382
190677
102074
210454
57755
223186
147613
210784
177601
104108
180495
202416
97292
112492
205671
71045
97743
70950
48845
77089
21720
131194
112214
138745
35905
221114
61388
211864
131989
226616
176059
26778
165937
191419
220355
37888
112324
85563
205960
223385
224559
223004
102965
176677
100672
133877
216519
216353
85660
176277
114403
84096
62441
56742
42610
220306
21353
101877
75961
67777
38317
51316
65423
182822
190244
216317
218904
110785
80243
94647
80469
81151
97356
109649
111187
112484
125716
96863
131408
140633
140416
140268
147622
142256
134477
165980
167990
93248
103232
222298
101277
69660
105898
57266
125907
71384
72408
100677
94974
26309
119946
103950
103943
103948
72266
94152
115974
121594
97968
116893
72706
66143
220067
223018
227973
201283
222200
220539
222599
120166
205377
200544
88783
222509
220998
98608
122001
134767
109475
99475
188453
188318
117576
203109
24334
60529
134763
158291
109832
222446
200241
230000
13589
27301
80199
109650
133169
76338
105075
117122
41195
37713
61889
103792
119184
100667
70791
33947
198144
42097
220531
220760
219232
82825
56080
217046
154120
216363
83853
87455
47450
80584
80970
94138
11567
80842
36929
154904
126465
141313
68796
86067
95976
101465
161308
107530
167289
154628
194730
192088
204762
218099
122166
155263
127092
144148
106851
209111
196585
220412
213411
176613
86059
215809
201915
37345
37378
204226
12345
88117
107882
109003
106392
124047
107451
173701
92394
184363
182319
192752
202078
199081
202602
126334
206842
111563
71174
117965
174772
187438
46325
21802
131629
191586
80797
93144
108500
95656
134978
125099
126610
138225
126288
224549
223101
220530
223446
230114
218234
227307
216289
146907
128875
167037
87412
26695
51885
77648
124725
80782
85489
88757
107762
114724
111028
190438
119262
183058
212727
199995
197484
194943
159029
127965
168629
163069
215794
45302
57306
70790
103218
124110
216457
20690
13628
54434
59612
59673
56523
57337
64486
57417
56140
71450
81497
106093
110185
111656
109567
116673
120185
114147
136297
110286
132351
125885
127937
127938
149611
149570
157798
157797
175546
186662
198152
193213
65916
196719
37561
216355
216267
29822
29847
25630
35612
68826
59404
71081
85382
83827
85737
87070
96595
104075
107262
118175
118202
134328
125957
135613
78808
130559
133133
135346
96509
132245
164741
177177
155125
155254
149545
180885
164739
155163
164737
180886
48884
180878
117555
168655
209147
198159
127736
127734
125067
13512
15062
22429
199687
43222
68091
25548
57293
78647
109246
41563
46984
56127
57228
57363
71418
66467
71110
85642
85784
57199
110763
117126
125897
139572
140032
132990
135870
157770
155214
212199
213596
215583
185988
96793
86355
76542
92920
92980
94065
218235
132970
207677
106940
216303
138732
163070
216357
216529
228808
47753
48894
66227
71112
104821
112272
116311
117115
57347
150219
163562
157788
197299
198995
216331
22602
40358
59082
57327
36641
149629
149614
175552
176029
176025
227541
34182
225799
230209
220685
63048
115279
216412
155891
207761
18139
18380
20216
24145
42362
221510
222102
217495
154502
202065
141735
183576
186530
214087
199597
140219
190470
13559
35073
216340
25923
122936
197404
194833
213001
210477
201453
93705
88371
74888
20360
147826
77850
100742
228032
112124
115998
143833
84746
27821
216513
224907
216282
216488
3536
112063
145525
112064
31907
169324
141611
162488
153309
121508
91207
79973
109087
192195
140728
32005
54907
36928
36911
43929
54883
176478
194140
164552
63408
67028
59069
31914
36949
31995
36945
31986
11559
208463
216693
217278
206104
213334
215550
219966
128940
36939
79461
155181
197198
216392
200247
139435
133444
189657
222076
199411
154095
41016
199612
229638
226775
223375
222448
225040
181297
142247
30416
154569
132152
194902
58756
64229
197359
210113
42312
149528
155119
203133
74851
101479
131114
46474
215570
82499
43488
155172
175553
184669
194646
186665
197302
214663
203247
215527
216511
78807
92035
103457
54479
117145
149593
149556
155110
178607
158852
187546
198160
196152
206657
158858
211094
31114
65525
216424
216532
80725
80617
216349
188106
160874
166780
93540
82882
96677
74787
128592
138599
138602
156313
144838
166743
166005
156450
72719
90690
220263
13443
35754
37696
221981
222819
230305
222640
110076
155213
204204
222380
183355
184117
220804
210989
210995
106541
223012
229363
219229
179805
93804
218760
216314
230887
222812
207107
228904
118303
51449
116589
141728
145413
171321
221577
230358
106281
112892
67716
68139
216258
216368
224955
221408
24384
70498
96266
16453
34234
58899
84497
86780
116110
128302
57217
136458
174541
169791
188665
204192
214833
111606
116327
182751
46514
71537
95494
78831
110171
119083
125812
130373
128067
130390
109697
140414
166702
123662
164519
165235
93495
205403
100360
205380
48709
121975
106076
222891
226262
231287
69167
34909
227958
185024
167434
153793
38879
56138
57368
77354
77359
79222
73226
83961
93065
67437
98210
105073
106077
109175
110780
103622
117148
115779
132366
150173
149582
150191
160088
198194
171938
197286
197778
192001
33516
63415
121274
182168
71970
103318
83106
110287
103208
117142
104204
126428
128655
57297
137627
66207
137090
117138
149559
155207
155217
184436
197282
203080
171903
149565
171904
180879
215962
213558
202361
216556
48748
197100
196044
190383
216250
197300
183357
82701
74192
79583
98413
105206
111638
142014
138622
130230
126206
163238
173945
124236
176950
181795
90754
91167
160413
218998
229167
225236
216342
228475
197649
150213
195968
50490
126015
110305
36125
36193
40415
40419
39690
66748
222668
98186
126489
90881
127419
201213
219165
219135
225734
225127
221409
215890
163148
41201
52014
210520
200717
218112
139108
150535
68782
78813
53967
85899
67994
118584
68318
74209
225846
222449
186914
223222
212417
106046
106137
149371
129749
30018
47619
48248
109401
20580
217610
190776
223298
231417
218089
219156
231599
228893
205213
219195
154064
209664
219012
231206
219231
231602
216257
228891
219653
223363
230796
225620
221119
171692
123160
228543
216315
197782
216537
184458
220267
190818
216427
222616
224235
226778
227660
96923
48385
135430
99441
189387
227662
131848
37534
201046
201121
165983
167722
43852
36899
36921
36906
32001
32011
19855
19680
14218
14501
229220
216560
58487
58309
57814
58552
58528
201976
210990
12695
12667
12673
12671
12666
176152
65148
121956
225263
114452
92050
120851
74434
194837
90854
61896
133383
186826
54739
154116
224704
126904
222481
222121
205250
15365
220819
93962
181496
227309
229796
228896
229854
73712
154334
16714
170129
216041
221834
222510
61839
51421
48788
43939
206931
231894
96463
189535
231993
218529
192658
13103
85970
12534
88116
90290
110909
124271
127373
103238
152351
48371
168223
64750
186858
216025
12748
214327
217131
211047
205279
170891
42721
125275
41423
107443
13055
102105
205101
54988
18638
40820
65399
203204
198598
182139
13585
107058
195311
94347
82160
109868
106607
111023
94260
110917
135915
162440
126403
151898
111177
110994
96160
98480
114917
125873
129761
140575
151939
125689
169037
167858
96795
151773
135847
228268
147848
161909
185399
192726
220011
225037
110845
96263
127179
127060
155153
155200
174014
171900
186635
197290
105330
216326
229651
231306
213986
215489
215574
198450
185843
223299
177737
219203
229165
216379
216469
134083
21490
21445
52279
60999
103434
129625
135519
138898
139595
150228
149540
149600
167166
165397
203136
111062
202815
62471
181416
220134
231890
86215
73624
176018
165920
163561
163560
155120
216062
165919
128304
215490
216503
155123
75231
16492
78909
106069
160230
137621
201041
200305
201810
73301
76361
76456
79160
76374
75306
76275
76248
77785
83709
36923
39054
46642
43927
42875
167939
42858
36933
46658
40689
203008
203872
195272
14511
19648
6785
7010
7013
7022
6580
205375
112764
145379
173256
166404
116756
14232
32008
19821
23939
180278
106139
165552
167940
181454
183138
183137
186910
196151
173279
160316
171040
166403
153788
160211
154001
162434
152572
146759
139837
116694
118076
126462
124778
106439
127666
124664
107760
91201
91198
91220
96186
91194
37259
37303
80899
88479
13990
83707
37301
111158
110713
91203
100501
91204
91736
103383
91211
91205
101513
91208
90508
96585
88240
85664
77925
79084
82455
63946
63023
64344
62304
64366
62329
59063
59077
62324
59054
62321
59088
42864
31906
28333
24910
28325
27983
19861
19845
23935
19843
23961
19849
19844
23933
19824
19846
23938
19684
11533
14509
14513
14221
19652
11602
14226
11599
14212
14496
11603
11579
43920
206928
75286
73076
44217
37350
40688
69420
59109
200304
95627
66056
43932
156911
196656
77638
222990
62978
214012
226443
223585
70670
47897
166009
85726
25922
24181
33944
30941
34673
37409
49256
35529
26594
62176
63050
64962
35535
27316
69822
22760
21706
37447
52052
56571
59951
70763
70494
87830
102679
124024
125894
86787
65934
57285
66438
80263
103182
108185
92161
128242
80560
100551
29308
57923
56913
87642
80750
88677
100549
71177
79889
208868
23881
49519
60356
62993
68128
83091
57395
18361
19082
30182
21577
22262
62913
71966
68141
102302
97478
157208
31730
34193
35620
35786
35881
31389
39592
44671
49695
57320
57251
63541
64797
84860
80250
64881
85143
94288
96255
110813
113239
127964
135433
138552
126494
126496
129411
141835
132968
179680
149632
157173
130564
49991
77834
117074
128693
132987
35085
35131
35214
36102
56074
57202
71422
71426
92149
100796
103441
159548
66771
103394
103395
117116
129626
135446
136031
176023
169766
130048
124152
129391
125592
159569
84559
104224
103467
110830
94624
118185
127202
135851
125583
116736
149547
126232
149602
155183
177309
150593
196722
183939
196049
196051
103435
183508
169764
155177
197280
171913
13031
20773
21586
22489
21594
26130
26655
33806
33809
48865
50384
50482
52963
56124
59563
57324
60922
57253
57180
68781
70765
68831
65932
64568
71425
82531
68167
86257
87682
84532
80238
57272
85720
96269
83829
90337
101819
102310
104649
96265
102907
101839
100797
102311
113967
117562
54457
127961
132232
110083
139367
80499
113099
66204
117112
112255
135611
116658
124115
153833
131220
155212
155122
155156
102299
137180
179681
179686
158861
132985
103419
104202
128695
135351
105311
132347
171907
186672
179679
197780
37261
183941
185364
187567
197545
114488
131192
197548
134929
197773
212126
199407
216465
216433
128692
197534
182750
220122
20867
19622
19881
42699
68040
48772
81359
81343
96118
65047
79504
5954
5957
5901
5923
5933
5902
5963
5905
3510
5970
5932
5934
5971
126185
5903
5911
5910
12061
6429
71466
105081
116256
73784
87539
164297
23047
23018
29498
30109
27378
15862
220884
174941
174923
145269
179119
179638
191632
220035
169345
188315
44347
48056
62969
55091
65168
65134
80265
91326
99676
42526
6234
5928
6884
65436
83834
216328
224703
221403
221902
46581
134263
150590
165137
181521
183115
169783
213063
109726
103327
229847
213872
229394
191999
174397
224870
226313
73410
87931
197289
106067
104589
218523
223953
221325
15402
213928
215523
213922
213642
230890
196720
41976
55963
217273
216398
117580
69915
229526
6417
216391
229640
189873
19879
84880
40412
127490
220123
223939
222600
173081
91153
176483
96891
189637
223729
225847
224230
25423
226675
224220
95703
106891
204127
66839
109466
141092
80208
90715
94216
228892
228841
151235
55228
167306
167581
167545
166179
155238
149261
134903
134850
120901
119983
119163
118063
118052
118213
118048
117426
104277
100857
102341
100153
100085
99922
88781
168152
168019
83777
88774
105735
88269
84971
87571
84183
85052
84304
84170
71685
71544
63168
63289
63263
55208
55206
55209
55229
54492
48737
48732
42567
43251
44218
40570
40526
40550
40572
40569
40574
40543
37168
174626
176003
174992
175683
177848
180101
176682
145789
184428
189907
184412
189909
195048
195897
204236
204238
204235
144244
71298
167303
155288
155260
134814
120570
100084
94625
85005
175641
83501
76772
76748
76770
72147
63254
63145
48730
40553
40571
192401
154548
200889
201265
178841
118223
88716
154150
214729
211629
75060
88785
159861
167287
201144
136627
135337
118027
168125
99969
212425
213796
203429
211710
212646
212669
213798
214127
212608
212296
213058
167955
84496
84896
188365
228114
210737
195900
218150
212418
76731
176544
83178
167731
212437
223268
228389
229083
229588
228394
226383
213420
76877
30480
196884
75468
179678
91148
147423
195704
71363
74270
203609
93819
29205
178897
14683
30143
57730
58189
69930
100789
131427
5981
205009
52886
176638
149599
223225
155226
21812
21813
95679
64339
38042
40636
41693
42808
176459
11018
69939
74215
206046
34473
120003
22219
216300
171912
182167
225933
218468
231702
196785
220281
224219
65153
77951
138737
223269
216266
224488
220221
225919
132576
154306
227950
223828
224725
213731
220127
33588
49106
216500
216514
228457
216337
216438
221039
224853
217056
126613
134762
38078
125028
46580
35778
61904
100260
40534
18004
217274
220638
216408
222153
217684
232696
225592
222054
29218
220535
141214
224801
217683
221007
91044
230871
233426
233375
229522
215786
131963
168630
233295
190753
226988
139738
155198
92095
158865
28405
53362
198942
201536
135424
187836
231701
116334
133358
223157
228038
233795
217722
233789
219724
216375
211750
221764
233829
233326
230568
136189
216443
227410
217681
228544
225382
68837
51639
93852
58754
61352
62147
61526
225043
234058
229543
229038
229632
233678
220679
213635
216533
213982
234186
222281
174041
58317
225045
223923
221724
232950
221397
179240
180646
90964
230537
228541
229580
229663
223239
234417
228705
215009
222588
230538
76794
73038
71961
79503
232499
103809
93789
121398
101720
116790
119432
120234
114435
132036
134895
217925
234407
223301
234420
216546
219077
228379
231703
231699
226031
234421
218695
216227
218979
62558
199164
225264
197646
219204
216389
221840
234416
182705
216401
215643
216101
216405
232500
228835
216295
219213
234412
216367
230632
217275
216494
231174
211862
218880
227954
235408
235422
234410
235438
219200
221843
235439
219199
230101
224852
234401
232618
223006
205656
228092
228583
224854
234403
221398
222197
199963
150226
235491
235494
219198
154117
230864
233872
235669
216454
221831
142305
111524
202929
219444
224840
218917
216499
221841
216462
233802
229551
235043
220538
200224
219438
219441
223797
219205
207740
219218
216380
194142
229024
216493
228570
209813
168611
198996
213867
218326
212958
152468
217271
138896
232749
233836
229545
216444
232274
166115
136630
235036
229718
216442
223005
235855
215819
234385
219201
230222
221844
235200
184680
73113
78436
130380
78061
104467
68153
93185
93661
126279
171940
181230
196046
26472
63692
22166
197819
57321
103181
149606
109230
39947
33256
80650
216508
211010
34638
63396
82501
96811
110997
119489
212595
117087
12027
57736
15447
35103
113651
115698
76274
13991
16628
71084
75005
77826
71416
117097
37638
86778
149566
79974
5950
56125
66776
72553
14521
42611
21522
160394
196713
13576
11720
24278
38837
119439
53815
44876
41708
197506
110730
99961
93099
115724
131193
99639
184859
202716
80569
39578
30373
25356
142143
115728
100899
151657
138594
21250
95621
216334
135362
42068
124306
49134
94678
111172
18453
13565
51958
17627
12498
36530
186021
24264
229547
78385
229537
132377
228013
174544
113397
57236
214235
229809
54421
96862
13326
113044
82152
14484
32184
28282
43732
48613
67135
71711
161737
28211
44187
204724
212517
74231
120949
92056
33605
36126
208313
145536
55068
13016
12783
104662
83786
218598
179542
186017
186550
218236
197927
208757
149579
186445
106440
87177
5976
169323
218599
196450
3058
68062
96807
179621
212049
13553
11137
30051
34425
183370
182778
212006
217963
165186
205321
228842
81948
68094
52922
20694
35016
41564
73735
131204
29197
101978
56090
73730
81636
70716
75546
78517
140176
77831
78627
52678
65922
216281
83750
64573
179666
96925
99529
3059
11129
18457
32911
28295
46755
62264
69931
70232
147048
40101
27585
43869
11935
38319
50664
110058
33485
57247
65930
136776
219265
80905
93698
216306
25207
112875
222058
70789
87506
36187
65031
36643
3028
106701
130302
49561
22253
69386
90305
3513
49572
95783
139323
94613
32691
68129
126686
62826
175019
43214
114437
40372
149587
29329
224552
68145
29254
18983
166576
93750
25838
26451
85307
49756
216255
134869
66208
48900
34097
82552
103315
135365
230891
3055
133996
144827
86419
118429
199870
66205
45424
57778
35178
186674
28803
21962
141465
181478
39434
201776
34658
57220
218882
36384
66309
199194
76729
185422
144186
37293
24919
29481
32537
21431
50534
165142
146964
138311
91485
210967
154612
21496
75674
51984
221663
76078
78186
78600
67359
78386
125879
229544
12679
22530
28272
207360
48245
80436
68832
96468
124154
115719
48977
148388
3524
11725
11924
129026
54534
40028
3053
17909
36128
183366
149538
28049
197016
129198
112389
82014
98072
82911
29139
29140
29199
74331
75501
75366
76662
114617
112781
132244
179144
205887
113730
63011
21530
127594
34771
154818
132965
143931
146944
14058
12853
117111
56123
64942
77840
74011
85637
103466
110820
132067
181267
13567
83953
197512
26302
80858
77260
96185
106853
78919
22495
18634
75926
43217
18440
43084
98132
65976
154902
145784
46854
14885
49537
172419
62922
79981
156934
46654
222625
99430
82430
29583
42235
30128
73791
124800
63015
21206
78095
78093
81574
72449
169903
13581
10691
98440
184373
155114
24281
91486
49011
112279
102466
186650
67617
160192
98527
106142
36814
64667
93950
83098
49029
42714
22205
135376
216283
46725
13603
106997
14600
199476
5906
82155
73840
14033
13577
185345
213688
37741
45784
68809
102171
86338
51177
28275
13004
24275
67570
168648
41769
36105
180963
109130
117093
44199
100681
70501
182172
36910
219341
166139
76529
119085
169800
33719
160568
34337
41067
211044
36735
204230
33601
94868
66604
195613
203517
125913
106645
202007
115723
147151
85941
110386
160836
57290
13995
18626
29141
30543
35186
35185
40637
41803
43328
44237
43731
40813
40816
43730
55856
98393
102464
106266
41799
115234
94115
80391
123991
135828
142110
171709
182782
141758
157549
168225
24280
41065
32185
141316
138310
125209
13578
68063
42465
127968
84647
34102
34339
152348
26495
10835
59486
35220
103428
34882
34278
50195
63799
112393
104199
117108
68911
57374
57379
126233
181299
65078
161209
97439
76540
21811
100258
164338
21315
58774
79985
104426
116282
144766
50919
62269
205806
84519
14024
11778
26003
59896
95509
44272
176061
80457
12775
81066
40811
40808
65893
12670
87948
12694
141494
104513
106678
31454
30487
35205
68738
76704
60534
45577
34612
77294
215496
221847
216559
34556
113300
153483
94739
78524
195218
169858
169122
39583
222914
99745
43799
39581
91261
79385
20693
13231
41727
31155
216528
86754
44547
13574
35072
82109
78072
202192
90385
55065
91899
64979
214318
24316
75236
218111
226434
85612
37142
161311
109982
221049
110329
13771
72757
73283
200308
185244
208316
160770
17343
189070
94018
114335
34306
91237
196436
27343
197736
91747
224379
100708
15943
28112
117119
15714
63039
125584
57185
100707
59755
71581
134168
14693
146064
33904
94900
89231
217716
131200
212976
235844
220608
234411
232359
223154
229893
227286
231919
228703
228034
56619
150223
81476
142327
180380
221134
229534
221837
221434
229550
234445
234446
170017
232436
217218
231093
223443
229520
230077
61798
100759
177979
165657
222884
16733
196210
166568
150248
185314
110961
103095
201377
212322
120658
183354
232502
216437
233671
224771
231796
225404
229185
225481
228416
177570
216236
36248
42031
217685
224213
227786
186987
218470
124158
196878
223267
216297
216434
229248
34231
235914
155614
98203
159551
230296
232205
63068
67616
80490
97782
152536
151576
194331
197441
192362
110742
229546
237185
237178
216346
219212
192002
223710
223948
133446
228595
222157
185509
232505
207424
218199
221919
205526
208003
218956
199467
140553
213497
34202
19142
100911
10833
228868
225460
228121
234413
234439
223802
234288
225766
235337
33886
133163
39056
101989
56528
44464
26503
224178
228843
225596
219815
224656
102071
216294
235886
234384
180839
232258
93934
217901
216330
217679
227544
231922
66724
225030
80005
234408
116885
42771
62171
96690
127457
54355
79074
60161
34178
75824
220130
216323
219215
223799
219214
219192
218505
169119
235825
233842
130052
51512
231799
155890
184774
72352
216275
63921
221323
234145
228201
43188
47368
176955
34180
135338
187566
37652
233360
236316
234342
199524
228316
219216
219217
229548
219194
186642
197279
217678
230497
140687
33923
38085
38073
32710
33908
228886
228851
234389
238162
200719
66623
216124
155209
228552
219211
233794
99587
